918
721
450
149
1132
76
1448
375
873
477
18
702
719
510
979
1437
958
1324
1207
1057
551
502
355
818
1080
821
1018
374
1186
198
538
819
368
460
95
272
1014
610
1225
256
1105
896
252
112
858
669
693
1372
654
382
630
471
1076
1401
1208
874
1222
1242
404
729
570
1045
678
544
846
105
1307
1021
733
1084
1314
1353
277
1387
1440
143
1232
941
955
652
1161
1188
752
1039
1140
164
1141
1364
1233
554
50
891
1371
366
110
204
519
557
71
1286
864
1409
621
599
96
1010
1100
65
751
816
614
1352
774
871
1251
709
1303
1227
220
1376
444
1424
545
55
832
240
1341
1234
843
246
999
1250
723
1430
1247
24
901
122
1356
332
484
218
505
687
653
434
498
172
1418
869
1219
1329
1113
136
350
780
22
961
587
1378
322
1097
2
576
533
971
1120
57
160
1322
168
1316
1274
1445
1289
439
699
1212
870
1327
628
760
1123
407
1066
188
737
714
1174
968
186
1384
1468
626
627
232
838
768
101
1111
1248
335
393
118
884
878
1088
744
264
952
153
1143
88
1069
35
1337
965
1036
280
807
985
932
541
1092
607
951
1313
1308
921
87
1281
645
299
789
334
756
727
975
851
565
902
766
292
413
227
1000
258
1455
753
728
747
1204
478
342
1417
1363
1181
836
616
558
689
1380
26
248
944
954
463
211
1451
1156
1179
308
524
1176
845
1086
113
1396
43
9
1333
390
1431
738
908
1047
1215
748
1346
987
1195
1042
933
10
593
983
511
1411
354
1184
1385
1056
488
1370
194
1182
566
314
625
982
1257
1187
106
552
603
344
360
403
778
53
491
126
1457
417
1154
853
939
123
897
713
1432
349
1436
1328
1103
857
981
154
1249
1169
600
114
271
383
833
1312
523
294
547
243
49
1300
795
854
319
1059
1336
1024
1002
359
1048
336
563
675
1078
94
391
664
670
28
883
904
86
1145
666
13
60
1211
859
1237
791
369
686
275
776
193
928
84
36
500
257
142
959
875
842
1403
499
548
389
443
813
1302
622
1366
1158
395
1320
929
209
1041
1435
138
924
376
1259
431
486
1388
810
1268
743
129
856
357
64
380
582
1052
540
210
769
528
1108
1183
467
559
703
953
378
698
1290
250
247
401
903
107
989
740
665
397
508
1095
1434
364
867
620
421
1134
1288
1159
618
313
215
829
1294
804
567
475
46
866
230
1265
1027
265
458
285
1072
515
1428
1271
581
604
942
1357
602
1214
1419
461
1284
82
361
291
1205
888
907
473
1395
507
208
399
734
640
253
849
1441
826
960
67
595
900
496
16
137
739
303
152
189
1295
1426
348
1081
1201
556
1349
436
1282
711
1210
1025
1373
1338
41
1439
1198
937
39
235
1464
988
673
259
1098
1456
1285
692
623
911
646
430
808
1085
338
539
468
1335
161
671
226
190
130
173
454
1339
1334
537
213
974
1379
831
1220
340
980
363
1279
784
1150
879
418
121
1348
793
115
763
127
1298
281
33
1319
262
706
1263
1270
1458
221
406
40
100
445
180
1389
1310
447
1171
205
1126
863
586
304
270
324
758
1115
62
260
1326
1061
1344
517
1079
1399
977
1369
1309
710
479
120
1177
1317
830
1116
229
726
1323
920
315
1011
1101
396
1414
1138
1001
1253
922
1016
584
61
1034
261
1043
522
384
446
809
992
998
163
1173
886
650
1104
724
1239
1006
466
139
1240
963
347
613
771
415
1073
156
133
966
472
1082
388
1280
465
1318
1
571
1028
12
490
827
1398
801
1217
124
116
1260
147
1075
1377
30
440
231
712
647
419
1254
783
476
212
513
852
1293
872
1296
546
716
385
997
73
485
1077
1127
824
1438
151
451
993
117
170
325
203
1124
1122
1197
1136
1381
412
1090
1444
283
1005
1291
279
1137
1155
489
1148
682
282
1362
530
718
52
98
822
316
373
799
328
1410
994
225
803
1089
534
432
636
790
615
169
996
1142
890
1193
814
425
1049
1038
145
990
183
1149
1325
1273
293
3
345
1166
608
21
1099
656
70
715
862
1460
1264
242
1008
765
217
934
1267
141
1461
788
927
839
320
254
811
1272
679
1191
651
1393
877
688
893
1213
695
661
289
1433
424
321
925
735
806
1415
835
1091
1321
598
448
1231
326
1107
1083
708
456
506
1012
1029
1361
1311
1060
1278
287
569
284
1128
166
1102
1200
1093
1026
629
1065
775
592
909
764
741
1019
609
408
956
1462
1245
1469
224
1062
779
165
931
174
1015
794
837
392
97
912
525
